﻿Data Sampler1
Fst.gyp.kötözött
Szárítás
#,Date,Time,Milliseconds,Day of week,Interval Time ms,Sub Interval Time ms,Triggered,Kamra Hőm. Values,Mag Hőm Values,Pára Values,Lépés típus Values,Kamra beáll. Values,Mag beáll. Values,Pára beáll. Values,
0,44277,0.350556,0,2,4,0,1,356,83,48,1,80,0,0,
1,44277,0.35125,0,2,60004,60000,0,316,80,92,1,80,0,0,
2,44277,0.351944,0,2,120005,60001,0,352,80,84,1,80,0,0,
3,44277,0.352639,0,2,180006,60001,0,384,79,79,1,80,0,0,
4,44277,0.353333,0,2,240007,60001,0,408,79,77,1,80,0,0,
5,44277,0.354028,0,2,300007,60000,0,429,80,73,1,80,0,0,
6,44277,0.354722,0,2,360005,59998,0,448,80,70,1,80,0,0,
7,44277,0.355417,0,2,420004,59999,0,466,80,69,1,80,0,0,
8,44277,0.356111,0,2,480004,60000,0,482,80,67,1,80,0,0,
9,44277,0.356806,0,2,540006,60002,0,495,80,66,1,80,0,0,
10,44277,0.3575,0,2,600005,59999,0,508,81,65,1,80,0,0,
11,44277,0.358194,0,2,660006,60001,0,520,81,64,1,80,0,0,
12,44277,0.358889,0,2,720005,59999,0,532,81,62,1,80,0,0,
13,44277,0.359583,0,2,780006,60001,0,543,81,62,1,80,0,0,
14,44277,0.360278,0,2,840004,59998,0,554,82,64,1,80,0,0,
15,44277,0.360972,0,2,900004,60000,0,562,82,59,1,80,0,0,
16,44277,0.361678,0,2,960005,60001,0,571,82,59,1,80,0,0,
17,44277,0.362373,0,2,1020007,60002,0,578,83,58,1,80,0,0,
18,44277,0.363067,0,2,1080004,59997,0,586,83,58,1,80,0,0,
19,44277,0.363762,0,2,1140006,60002,0,593,83,57,1,80,0,0,
20,44277,0.364456,0,2,1200006,60000,0,599,84,56,1,80,0,0,
21,44277,0.36515,0,2,1260005,59999,0,605,84,56,1,80,0,0,
22,44277,0.365833,0,2,1320005,60000,0,611,84,55,1,80,0,0,
23,44277,0.366528,0,2,1380007,60002,0,617,85,55,1,80,0,0,
24,44277,0.367222,0,2,1440004,59997,0,621,86,56,1,80,0,0,
25,44277,0.367917,0,2,1500004,60000,0,626,86,56,1,80,0,0,
26,44277,0.368611,0,2,1560006,60002,0,631,86,54,1,80,0,0,
27,44277,0.369306,0,2,1620006,60000,0,636,87,54,1,80,0,0,
28,44277,0.37,0,2,1680007,60001,0,640,88,56,1,80,0,0,
29,44277,0.370694,0,2,1740006,59999,0,645,89,55,1,80,0,0,
30,44277,0.371389,0,2,1800004,59998,0,649,90,54,1,80,0,0,
31,44277,0.372083,0,2,1860005,60001,0,653,91,53,1,80,0,0,
32,44277,0.372778,0,2,1920005,60000,0,657,92,53,1,80,0,0,
33,44277,0.373472,0,2,1980005,60000,0,660,93,53,1,80,0,0,
34,44277,0.374167,0,2,2040004,59999,0,663,94,53,1,80,0,0,
35,44277,0.374873,0,2,2100006,60002,0,666,95,52,1,80,0,0,
36,44277,0.375567,0,2,2160006,60000,0,670,96,52,1,80,0,0,
37,44277,0.376262,0,2,2220005,59999,0,673,97,51,1,80,0,0,
38,44277,0.376956,0,2,2280004,59999,0,676,99,51,1,80,0,0,
39,44277,0.37765,0,2,2340004,60000,0,679,100,53,1,80,0,0,
40,44277,0.378345,0,2,2400005,60001,0,682,102,51,1,80,0,0,
41,44277,0.379039,0,2,2460007,60002,0,685,103,50,1,80,0,0,
42,44277,0.379734,0,2,2520004,59997,0,688,105,50,1,80,0,0,
43,44277,0.380428,0,2,2580004,60000,0,691,107,51,1,80,0,0,
44,44277,0.381111,0,2,2640007,60003,0,694,109,50,1,80,0,0,
45,44277,0.381806,0,2,2700007,60000,0,696,111,50,1,80,0,0,
46,44277,0.3825,0,2,2760007,60000,0,697,113,49,1,80,0,0,
47,44277,0.383194,0,2,2820004,59997,0,699,115,49,1,80,0,0,
48,44277,0.383889,0,2,2880006,60002,0,702,117,49,1,80,0,0,
49,44277,0.384583,0,2,2940004,59998,0,704,119,49,1,80,0,0,
50,44277,0.385278,0,2,3000005,60001,0,708,122,48,1,80,0,0,
51,44277,0.385972,0,2,3060006,60001,0,710,125,48,1,80,0,0,
52,44277,0.386667,0,2,3120005,59999,0,712,127,48,1,80,0,0,
53,44277,0.387361,0,2,3180004,59999,0,714,130,48,1,80,0,0,
54,44277,0.388067,0,2,3240004,60000,0,717,133,48,1,80,0,0,
55,44277,0.388762,0,2,3300006,60002,0,719,136,47,1,80,0,0,
56,44277,0.389456,0,2,3360005,59999,0,722,139,46,1,80,0,0,
57,44277,0.39015,0,2,3420005,60000,0,724,142,46,1,80,0,0,
58,44277,0.390845,0,2,3480006,60001,0,726,145,46,1,80,0,0,
59,44277,0.391539,0,2,3540004,59998,0,728,148,46,1,80,0,0,
60,44277,0.392234,0,2,3600007,60003,0,731,151,45,1,80,0,0,
61,44277,0.392928,0,2,3660006,59999,0,733,154,45,1,80,0,0,
62,44277,0.393623,0,2,3720006,60000,0,734,157,45,1,80,0,0,
63,44277,0.394317,0,2,3780005,59999,0,736,160,45,1,80,0,0,
64,44277,0.395012,0,2,3840006,60001,0,738,163,44,1,80,0,0,
65,44277,0.395694,0,2,3900006,60000,0,739,166,44,1,80,0,0,
66,44277,0.396389,0,2,3960005,59999,0,740,169,45,1,80,0,0,
67,44277,0.397083,0,2,4020006,60001,0,745,172,45,1,80,0,0,
68,44277,0.397778,0,2,4080006,60000,0,749,175,46,1,80,0,0,
69,44277,0.398472,0,2,4140004,59998,0,753,178,45,1,80,0,0,
70,44277,0.399167,0,2,4200007,60003,0,756,181,45,1,80,0,0,
71,44277,0.399861,0,2,4260005,59998,0,759,184,45,1,80,0,0,
72,44277,0.400556,0,2,4320005,60000,0,761,188,47,1,80,0,0,
73,44277,0.401262,0,2,4380007,60002,0,765,190,45,1,80,0,0,
74,44277,0.401956,0,2,4440005,59998,0,768,194,45,1,80,0,0,
75,44277,0.40265,0,2,4500004,59999,0,766,197,45,1,80,0,0,
76,44277,0.403345,0,2,4560005,60001,0,768,200,44,1,80,0,0,
77,44277,0.404039,0,2,4620004,59999,0,769,203,44,1,80,0,0,
78,44277,0.404734,0,2,4680005,60001,0,770,205,45,1,80,0,0,
79,44277,0.405428,0,2,4740007,60002,0,771,208,45,1,80,0,0,
80,44277,0.406123,0,2,4800005,59998,0,774,211,44,1,80,0,0,
81,44277,0.406817,0,2,4860005,60000,0,776,214,43,1,80,0,0,
82,44277,0.407512,0,2,4920005,60000,0,779,217,43,1,80,0,0,
83,44277,0.408206,0,2,4980005,60000,0,781,220,43,1,80,0,0,
84,44277,0.4089,0,2,5040005,60000,0,782,223,43,1,80,0,0,
85,44277,0.409583,0,2,5100006,60001,0,784,226,43,1,80,0,0,
86,44277,0.410278,0,2,5160006,60000,0,786,229,43,1,80,0,0,
87,44277,0.410972,0,2,5220005,59999,0,788,232,42,1,80,0,0,
88,44277,0.411667,0,2,5280004,59999,0,790,235,41,1,80,0,0,
89,44277,0.412361,0,2,5340006,60002,0,790,238,42,1,80,0,0,
90,44277,0.413056,0,2,5400005,59999,0,792,241,42,1,80,0,0,
91,44277,0.41375,0,2,5460007,60002,0,793,244,41,1,80,0,0,
92,44277,0.414456,0,2,5520005,59998,0,795,247,41,1,80,0,0,
93,44277,0.41515,0,2,5580007,60002,0,796,250,41,1,80,0,0,
94,44277,0.415845,0,2,5640004,59997,0,798,253,41,1,80,0,0,
95,44277,0.416539,0,2,5700004,60000,0,799,256,41,1,80,0,0,
96,44277,0.417234,0,2,5760008,60004,0,800,259,40,1,80,0,0,
97,44277,0.417928,0,2,5820006,59998,0,788,262,43,1,80,0,0,
98,44277,0.418623,0,2,5880007,60001,0,797,265,41,1,80,0,0,
99,44277,0.419317,0,2,5940004,59997,0,800,268,41,1,80,0,0,
100,44277,0.420012,0,2,6000005,60001,0,797,271,40,1,80,0,0,
101,44277,0.420706,0,2,6060005,60000,0,794,274,42,1,80,0,0,
102,44277,0.4214,0,2,6120006,60001,0,801,277,40,1,80,0,0,
103,44277,0.422095,0,2,6180005,59999,0,794,280,40,1,80,0,0,
104,44277,0.422789,0,2,6240005,60000,0,797,283,40,1,80,0,0,
105,44277,0.423484,0,2,6300006,60001,0,800,286,40,1,80,0,0,
106,44277,0.424178,0,2,6360004,59998,0,798,289,39,1,80,0,0,
107,44277,0.424861,0,2,6420005,60001,0,793,292,40,1,80,0,0,
108,44277,0.425556,0,2,6480006,60001,0,802,295,38,1,80,0,0,
109,44277,0.42625,0,2,6540006,60000,0,792,298,40,1,80,0,0,
110,44277,0.426944,0,2,6600006,60000,0,799,301,38,1,80,0,0,
111,44277,0.42765,0,2,6660005,59999,0,799,304,38,1,80,0,0,
112,44277,0.428345,0,2,6720004,59999,0,792,308,39,1,80,0,0,
113,44277,0.429039,0,2,6780005,60001,0,803,311,38,1,80,0,0,
114,44277,0.429734,0,2,6840005,60000,0,793,314,38,1,80,0,0,
115,44277,0.430428,0,2,6900006,60001,0,799,317,38,1,80,0,0,
116,44277,0.431123,0,2,6960007,60001,0,799,320,37,1,80,0,0,
117,44277,0.431817,0,2,7020005,59998,0,792,323,38,1,80,0,0,
118,44277,0.432512,0,2,7080004,59999,0,803,327,36,1,80,0,0,
119,44277,0.433206,0,2,7140004,60000,0,794,330,38,1,80,0,0,
120,44277,0.4339,0,2,7200005,60001,0,801,333,37,1,80,0,0,
121,44277,0.434595,0,2,7260007,60002,0,801,336,36,1,80,0,0,
122,44277,0.435289,0,2,7320005,59998,0,789,339,38,1,80,0,0,
123,44277,0.435984,0,2,7380006,60001,0,804,342,35,1,80,0,0,
124,44277,0.436678,0,2,7440005,59999,0,794,345,37,1,80,0,0,
125,44277,0.437373,0,2,7500007,60002,0,801,348,36,1,80,0,0,
126,44277,0.438067,0,2,7560005,59998,0,802,351,35,1,80,0,0,
127,44277,0.438762,0,2,7620007,60002,0,788,354,38,1,80,0,0,
128,44277,0.439456,0,2,7680007,60000,0,806,357,34,1,80,0,0,
129,44277,0.440139,0,2,7740004,59997,0,797,360,35,1,80,0,0,
130,44277,0.440845,0,2,7800006,60002,0,798,363,36,1,80,0,0,
131,44277,0.441539,0,2,7860005,59999,0,803,366,35,1,80,0,0,
132,44277,0.442234,0,2,7920007,60002,0,791,368,36,1,80,0,0,
133,44277,0.442928,0,2,7980007,60000,0,805,371,34,1,80,0,0,
134,44277,0.443623,0,2,8040004,59997,0,802,374,35,1,80,0,0,
135,44277,0.444317,0,2,8100004,60000,0,790,376,37,1,80,0,0,
136,44277,0.445012,0,2,8160004,60000,0,805,379,34,1,80,0,0,
137,44277,0.445706,0,2,8220007,60003,0,796,382,35,1,80,0,0,
138,44277,0.4464,0,2,8280004,59997,0,799,385,34,1,80,0,0,
139,44277,0.447095,0,2,8340005,60001,0,805,387,32,1,80,0,0,
140,44277,0.447789,0,2,8400006,60001,0,792,390,34,3,80,0,0,
141,44277,0.448484,0,2,8460004,59998,0,783,393,32,3,80,0,0,
142,44277,0.449178,0,2,8520006,60002,0,781,395,37,3,80,0,0,
143,44277,0.449873,0,2,8580004,59998,0,790,398,46,3,80,0,0,
144,44277,0.450567,0,2,8640005,60001,0,791,401,50,3,80,0,0,
145,44277,0.451262,0,2,8700005,60000,0,801,403,50,3,80,0,0,
146,44277,0.451956,0,2,8760004,59999,0,806,405,50,3,80,0,0,
147,44277,0.45265,0,2,8820005,60001,0,805,408,51,3,80,0,0,
148,44277,0.453345,0,2,8880006,60001,0,792,411,47,1,80,0,0,
149,44277,0.454039,0,2,8940006,60000,0,810,413,51,1,80,0,0,
150,44277,0.454734,0,2,9000007,60001,0,807,415,44,1,80,0,0,
151,44277,0.455428,0,2,9060006,59999,0,791,418,42,1,80,0,0,
152,44277,0.456123,0,2,9120005,59999,0,809,420,38,1,80,0,0,
153,44277,0.456817,0,2,9180007,60002,0,805,423,37,1,80,0,0,
154,44277,0.457512,0,2,9240004,59997,0,791,425,36,1,80,0,0,
155,44277,0.458206,0,2,9300004,60000,0,808,427,33,1,80,0,0,
156,44277,0.4589,0,2,9360004,60000,0,807,430,33,1,80,0,0,
157,44277,0.459595,0,2,9420006,60002,0,794,432,34,1,80,0,0,
158,44277,0.460289,0,2,9480004,59998,0,807,434,31,1,80,0,0,
159,44277,0.460984,0,2,9540007,60003,0,797,437,31,3,80,0,0,
160,44277,0.461678,0,2,9600006,59999,0,790,439,37,3,80,0,0,
161,44277,0.462373,0,2,9660006,60000,0,798,441,46,3,80,0,0,
162,44277,0.463067,0,2,9720007,60001,0,800,443,49,3,80,0,0,
163,44277,0.463762,0,2,9780005,59998,0,809,445,49,3,80,0,0,
164,44277,0.464456,0,2,9840004,59999,0,809,448,50,3,80,0,0,
165,44277,0.46515,0,2,9900005,60001,0,803,450,52,3,80,0,0,
166,44277,0.465845,0,2,9960004,59999,0,789,452,48,3,80,0,0,
167,44277,0.466539,0,2,10020006,60002,0,796,454,59,2,75,60,99,
168,44277,0.467234,0,2,10080005,59999,0,797,456,60,2,75,60,99,
169,44277,0.467928,0,2,10140004,59999,0,793,458,61,2,75,60,99,
170,44277,0.468623,0,2,10200007,60003,0,787,460,64,2,75,60,99,
171,44277,0.469317,0,2,10260004,59997,0,781,462,66,2,75,60,99,
172,44277,0.470012,0,2,10320007,60003,0,782,464,78,2,75,60,99,
173,44277,0.470706,0,2,10380004,59997,0,774,466,77,2,75,60,99,
174,44277,0.4714,0,2,10440007,60003,0,766,468,79,2,75,60,99,
175,44277,0.472095,0,2,10500005,59998,0,758,471,79,2,75,60,99,
176,44277,0.472789,0,2,10560004,59999,0,752,473,81,2,75,60,99,
177,44277,0.473484,0,2,10620005,60001,0,753,474,87,2,75,60,99,
178,44277,0.474178,0,2,10680004,59999,0,749,477,89,2,75,60,99,
179,44277,0.474873,0,2,10740006,60002,0,741,478,89,2,75,60,99,
180,44277,0.475567,0,2,10800006,60000,0,750,481,98,2,75,60,99,
181,44277,0.476262,0,2,10860004,59998,0,741,483,97,2,75,60,99,
182,44277,0.476956,0,2,10920007,60003,0,750,485,100,2,75,60,99,
183,44277,0.47765,0,2,10980007,60000,0,740,486,100,2,75,60,99,
184,44277,0.478345,0,2,11040007,60000,0,748,488,100,2,75,60,99,
185,44277,0.479039,0,2,11100008,60001,0,742,490,100,2,75,60,99,
186,44277,0.479734,0,2,11160007,59999,0,746,491,100,2,75,60,99,
187,44277,0.480428,0,2,11220007,60000,0,749,494,100,2,75,60,99,
188,44277,0.481123,0,2,11280004,59997,0,743,496,100,2,75,60,99,
189,44277,0.481817,0,2,11340006,60002,0,753,497,100,2,75,60,99,
190,44277,0.482512,0,2,11400004,59998,0,741,499,100,2,75,60,99,
191,44277,0.483206,0,2,11460006,60002,0,749,502,100,2,75,60,99,
192,44277,0.4839,0,2,11520006,60000,0,740,503,100,2,75,60,99,
193,44277,0.484595,0,2,11580004,59998,0,746,505,100,2,75,60,99,
194,44277,0.485289,0,2,11640005,60001,0,746,507,100,2,75,60,99,
195,44277,0.485984,0,2,11700005,60000,0,744,509,100,2,75,60,99,
196,44277,0.486678,0,2,11760004,59999,0,754,511,100,2,75,60,99,
197,44277,0.487373,0,2,11820004,60000,0,743,513,100,2,75,60,99,
198,44277,0.488067,0,2,11880005,60001,0,751,515,100,2,75,60,99,
199,44277,0.488762,0,2,11940006,60001,0,742,517,100,2,75,60,99,
200,44277,0.489456,0,2,12000005,59999,0,749,519,100,2,75,60,99,
201,44277,0.49015,0,2,12060004,59999,0,741,521,100,2,75,60,99,
202,44277,0.490845,0,2,12120005,60001,0,748,523,100,2,75,60,99,
203,44277,0.491539,0,2,12180007,60002,0,741,525,100,2,75,60,99,
204,44277,0.492234,0,2,12240004,59997,0,748,527,100,2,75,60,99,
205,44277,0.492928,0,2,12300007,60003,0,741,530,100,2,75,60,99,
206,44277,0.493623,0,2,12360005,59998,0,748,532,100,2,75,60,99,
207,44277,0.494317,0,2,12420007,60002,0,741,534,100,2,75,60,99,
208,44277,0.495012,0,2,12480005,59998,0,751,536,100,2,75,60,99,
209,44277,0.495706,0,2,12540005,60000,0,742,538,100,2,75,60,99,
210,44277,0.4964,0,2,12600006,60001,0,754,540,100,2,75,60,99,
211,44277,0.497095,0,2,12660006,60000,0,744,542,100,2,75,60,99,
212,44277,0.497789,0,2,12720004,59998,0,747,545,100,2,75,60,99,
213,44277,0.498484,0,2,12780007,60003,0,745,547,100,2,75,60,99,
214,44277,0.499178,0,2,12840006,59999,0,742,549,100,2,75,60,99,
215,44277,0.499873,0,2,12900007,60001,0,746,552,100,2,75,60,99,
216,44277,0.500567,0,2,12960004,59997,0,740,553,100,2,75,60,99,
217,44277,0.501262,0,2,13020007,60003,0,747,556,100,2,75,60,99,
218,44277,0.501956,0,2,13080004,59997,0,741,558,100,2,75,60,99,
219,44277,0.50265,0,2,13140007,60003,0,749,560,100,2,75,60,99,
220,44277,0.503345,0,2,13200007,60000,0,743,562,100,2,75,60,99,
221,44277,0.504039,0,2,13260005,59998,0,754,564,100,2,75,60,99,
222,44277,0.504734,0,2,13320005,60000,0,744,567,100,2,75,60,99,
223,44277,0.505428,0,2,13380007,60002,0,745,569,100,2,75,60,99,
224,44277,0.506123,0,2,13440007,60000,0,746,571,100,2,75,60,99,
225,44277,0.506817,0,2,13500007,60000,0,740,573,100,2,75,60,99,
226,44277,0.507512,0,2,13560004,59997,0,748,575,100,2,75,60,99,
227,44277,0.508206,0,2,13620006,60002,0,742,577,100,2,75,60,99,
228,44277,0.5089,0,2,13680004,59998,0,753,579,100,2,75,60,99,
229,44277,0.509595,0,2,13740005,60001,0,744,581,100,2,75,60,99,
230,44277,0.510289,0,2,13800008,60003,0,742,584,100,2,75,60,99,
231,44277,0.510984,0,2,13860007,59999,0,747,585,100,2,75,60,99,
232,44277,0.511678,0,2,13920007,60000,0,742,588,100,2,75,60,99,
233,44277,0.512373,0,2,13980007,60000,0,749,589,100,2,75,60,99,
234,44277,0.513067,0,2,14040007,60000,0,743,591,100,2,75,60,99,
235,44277,0.513762,0,2,14100007,60000,0,747,593,100,2,75,60,99,
236,44277,0.514456,0,2,14160005,59998,0,747,595,100,2,75,60,99,
237,44277,0.51515,0,2,14220004,59999,0,742,597,100,2,75,60,99,
238,44277,0.515845,0,2,14280007,60003,0,754,599,100,2,75,60,99,
